% MATH/CS 5466
% spline curve fit of the letter "K"

 fj = [ .25  0 -1  1.5  1.25  1.5   3.5  3.75  6   5   3.5 2.5  3.5  5   5.5   3  3.5  1.25  1  2  .5  -1   -.25 .25]';
 gj = [ 4    1  0  0    1  3.5  1.25  0  0  .5   2.75   4  5.5  7.5 8     8  7   4.5    7  8   8   8     7  4]';
